3 19 754 984
16 13 1121 641
25 28 1370 535
6 26 1991 318
16 26 1590 728
19 28 946 1021
19 16 1967 865
16 13 367 703
3 19 585 827
13 29 1511 325
23 16 868 608
25 13 1251 384
26 22 1628 925
20 13 1542 128
9 9 1137 1019
6 26 1291 1035
3 23 1410 1028
3 19 1432 1051
22 16 982 229
3 20 1645 316
13 3 621 723
10 3 1886 632
26 16 403 402
3 16 501 692
3 13 1907 307
23 16 1918 1042
25 28 724 816
6 6 564 1017
13 26 396 664
13 22 590 660
29 16 1051 169
16 13 707 359
19 25 854 790
6 3 1347 609
29 20 1991 704
25 19 1889 468
3 13 472 300
7 13 898 325
19 3 762 269
16 19 1193 338
7 23 1303 229
25 16 620 1002
19 19 1437 576
29 20 1160 237
19 19 873 118
6 19 1591 138
3 10 579 103
19 25 1263 748
16 13 1718 114
3 20 1263 905
22 13 293 191
3 19 600 422
7 26 634 751
3 9 1558 1056
26 26 1790 648
26 20 971 308
13 9 820 552
16 10 1508 454
23 26 1520 942
22 13 667 765
26 22 1348 605
3 7 1565 226
25 6 216 182
29 29 763 971
23 20 1536 804
22 19 783 277
16 6 1332 642
7 3 1823 958
28 6 1065 121
16 10 1081 1064
7 20 1880 705
16 28 1821 660
26 6 1627 732
13 10 483 694
25 28 221 802
26 26 496 520
13 20 1925 840
6 28 1820 271
29 29 1019 326
26 26 716 445
25 28 521 989
19 13 1784 152
16 20 816 1079